0
1
2
3
4
5
6
7
8 38 98 99
9 73 100 101 102
10 103 104 105 106 107 108 109
11 110 111 112 113
12 114 115
13
14
15 69
16
17
18
19
20
21
22
23
24
25
26 94 95 96
27 24 97
28 25 26 128 129 130 131 132
29 133 134 135 136 137 138 139 140 141 142
30 143 144
31
32
33 40
34
35
36
37
38 41
39 19 29 30 57 58 59 60
40 31 61 65
41 20 23 32 33 34
42 42 62 63
43 21 22
44 145
45 43 93
46 35 36 37
47 27 64
48 1 2 3 4 5 6 7 8 44
49 9 10 11 12 13 14 45 66
50 67
51 28 74 75 76 77 78 79 80 81 82 83 84 85 86 87 88 89 90 91
52 39 92
53 15 16 17 18 46 68 70
54
55 146
56
57
58
59
60
61
62
63
64
65
66
67
68
69
70 47 71
71 49 51 116 117 118 119 120 121 122 123 124 125 126 127
72 52 53 54 55 56 72
73
74
75
76
77
78
79
80
81
82
83
84
85
86
87
88
89 48
90 50
91
92
93
94
