# left right cach nhau 100
# moi Mario cach nhau 1000
# id	file_path	transparent_color_r	g	b
[TEXTURES]
10	textures\worldmap1_obj_sprite.png	0	0	255
11	textures\worldmap1_obj_sprite.png	248	236	160
100	textures\tileworldmap1.png	255	255	255

# name_file	tex_id	width	height
[MAP]
worldmap1.txt	100	256	176

# id	left	top	right	bottom	texture_id	xD	yD
[SPRITES]
#	-----------------------------------------------------------
# MARIO 
# walk
10001	138	50	152	66	10		
10002	156	50	170	66	10

# HAMMER
20001	103	17	119	32	10
20002	120	17	136	32	10

# BUSH
30001	1	17	17	32	11
30002	18	17	34	32	11
30003	35	17	51	32	11
30004	52	17	68	32	11

# CASTLE HELP
40001	18	2	34	16	10

						
# ani_id	sprite1_id	time1	sprite2_id	time2	...
[ANIMATIONS]
#	-----------------------------------------------------------
# ==== MARIO =========
# walk
10001	10001	100	10002	100

# ==== HAMMER =========
# walk
20001	20001	100	20002	100

# ==== BUSH =========
# stand
30001	30001	300	30002	300	30003	300	30004	300

# ==== CASTLE HELP =========
40001	40001	100

#
# id	ani1	ani2	ani3
#
[ANIMATION_SETS]
#	-----------------------------------------------------------

# MARIO
1	10001

# HAMMER
3	20001

# BUSH
2	30001

# CASTLE HELP
4	40001

[OBJECTS]
#	-----------------------------------------------------------------------
# type	x	y	ani_set_id	extra_settings per object type
# type: 0 = Mario , 1 = Brick, 2 = Goomba, 4 = Box
# MARIO
0	33	44	1

# CASTLE HELP
1	204	92	4

# HAMMER
2	160	110	3	158	172

# BUSH
3	16	12	2
3	32	12	2
3	48	12	2
3	16	28	2
3	32	28	2
3	48	28	2
3
3	16	60	2
3	32	60	2
3	32	76	2
3	48	60	2
3	16	76	2
3	16	76	2
3	48	76	2
3	16	92	2
3
3	80	28	2
3	96	28	2
3	112	28	2
3	80	44	2
3	96	44	2
3	112	44	2
3	80	60	2
3	96	60	2
3	112	60	2
3
3	144	28	2
3	160	28	2
3	176	28	2
3
3	208	14	2
3	224	14	2
3	208	28	2
3	224	28	2
3	208	44	2
3	224	44	2
3	208	60	2
3	224	60	2
3	144	60	2
3	160	60	2
3	176	60	2
3	192	60	2
3	224	76	2
3	224	92	2
3	224	108	2
3	224	124	2
3	224	140	2
3	144	76	2
3	160	76	2
3
3	128	92	2
3	112	92	2
3	96	92	2

# STATION
4	40	52	-1	0	0	1	0
4	72	52	-1	1	1	0	0
4	72	20	-1	0	0	1	1
4	104	20	-1	1	0	1	0
4	136	20	-1	1	0	1	1
4	168	20	-1	1	0	1	0
4	200	20	-1	1	0	0	1
4	136	52	-1	0	1	1	1
4	168	52	-1	1	0	1	0
4	200	52	-1	1	1	0	0
4	136	84	-1	1	1	0	0
4	104	84	-1	1	0	1	0
4	72	84	-1	0	0	1	1
4	104	116	-1	0	0	1	0
4	136	116	-1	1	0	1	1
4	168	116	-1	1	0	1	0
4	200	116	-1	1	0	0	0
4	72	116	-1	0	1	0	1
4	104	148	-1	1	0	1	0
4	136	148	-1	1	1	0	0
4	72	148	-1	0	1	1	0
